255 255 255 255 255 255 255 255 255 255 255 255 255 255 255 255
255 255 255 255 255 255 255 255 255 255 255 255 255 255 255 255
255 255   0   0   0   0   0   0   0   0   0   0   0   0 255 255
255 255   0   0   0   0   0   0   0   0   0   0   0   0 255 255
255 255   0   0   0   0   0   0   0   0   0   0   0   0 255 255
255 255   0   0   0 255 255 255  80 255 255   0   0   0 255 255
255 255   0   0   0 255 255 145 255   0 255   0   0   0 255 255
255 255   0   0   0 255   0 255   0 255 255   0   0   0 255 255
255 255   0   0   0 255   0  86 132   0 255   0   0   0 255 255
255 255   0   0   0 255 255   0  33 255 255   0   0   0 255 255
255 255   0   0   0 255 184 255 255 163 255   0   0   0 255 255
255 255   0   0   0   0   0   0   0   0   0   0   0   0 255 255
255 255   0   0   0   0   0   0   0   0   0   0   0   0 255 255
255 255   0   0   0   0   0   0   0   0   0   0   0   0 255 255
255 255 255 255 255 255 255 255 255 255 255 255 255 255 255 255
255 255 255 255 255 255 255 255 255 255 255 255 255 255 255 255
255 255 255 255 255 255 255 255 255 255 255 255 255 255 255 255
255 255 255 255 255 255 255 255 255 255 255 255 255 255 255 255
255 255   0   0   0   0   0   0   0   0   0   0   0   0 255 255
255 255   0   0   0   0   0   0   0   0   0   0   0   0 255 255
255 255   0   0   0   0   0   0   0   0   0   0   0   0 255 255
255 255   0   0   0 255 255 255  80 255 255   0   0   0 255 255
255 255   0   0   0 255 255 145 255   0 255   0   0   0 255 255
255 255   0   0   0 255   0 255   0 255 255   0   0   0 255 255
255 255   0   0   0 255   0  86 132   0 255   0   0   0 255 255
255 255   0   0   0 255 255   0  33 255 255   0   0   0 255 255
255 255   0   0   0 255 184 255 255 163 255   0   0   0 255 255
255 255   0   0   0   0   0   0   0   0   0   0   0   0 255 255
255 255   0   0   0   0   0   0   0   0   0   0   0   0 255 255
255 255   0   0   0   0   0   0   0   0   0   0   0   0 255 255
255 255 255 255 255 255 255 255 255 255 255 255 255 255 255 255
255 255 255 255 255 255 255 255 255 255 255 255 255 255 255 255
255 255 255 255 255 255 255 255 255 255 255 255 255 255 255 255
255 255 255 255 255 255 255 255 255 255 255 255 255 255 255 255
255 255   0   0   0   0   0   0   0   0   0   0   0   0 255 255
255 255   0   0   0   0   0   0   0   0   0   0   0   0 255 255
255 255   0   0   0   0   0   0   0   0   0   0   0   0 255 255
255 255   0   0   0 255 255 255  80 255 255   0   0   0 255 255
255 255   0   0   0 255 255 145 255   0 255   0   0   0 255 255
255 255   0   0   0 255   0 255   0 255 255   0   0   0 255 255
255 255   0   0   0 255   0  86 132   0 255   0   0   0 255 255
255 255   0   0   0 255 255   0  33 255 255   0   0   0 255 255
255 255   0   0   0 255 184 255 255 163 255   0   0   0 255 255
255 255   0   0   0   0   0   0   0   0   0   0   0   0 255 255
255 255   0   0   0   0   0   0   0   0   0   0   0   0 255 255
255 255   0   0   0   0   0   0   0   0   0   0   0   0 255 255
255 255 255 255 255 255 255 255 255 255 255 255 255 255 255 255
255 255 255 255 255 255 255 255 255 255 255 255 255 255 255 255

255 255 255 255 255 255 255 255 255 255 255 255 255 255 255 255
255 214 153 153 153 153 153 153 153 153 153 153 153 153 214 255
255 153   0   0   0   0   0   0   0   0   0   0   0   0 153 255
255 153   0   0   0   0   0   0   0   0   0   0   0   0 153 255
255 153   0   0  10  51  51  51  51  51  51  10   0   0 153 255
255 153   0   0  51 255 255 255 244 193 252  51   0   0 153 255
255 153   0   0  51 213 127 187 131 187 150  51   0   0 153 255
255 153   0   0  51 140 241 131 160 126 187  51   0   0 153 255
255 153   0   0  51 237 139 184 169 149 184  51   0   0 153 255
255 153   0   0  51 222 189 124 133 177 153  51   0   0 153 255
255 153   0   0  51 227 199 216 246 201 253  51   0   0 153 255
255 153   0   0  10  51  51  51  51  51  51  10   0   0 153 255
255 153   0   0   0   0   0   0   0   0   0   0   0   0 153 255
255 153   0   0   0   0   0   0   0   0   0   0   0   0 153 255
255 214 153 153 153 153 153 153 153 153 153 153 153 153 214 255
255 255 255 255 255 255 255 255 255 255 255 255 255 255 255 255
255 255 255 255 255 255 255 255 255 255 255 255 255 255 255 255
255 214 153 153 153 153 153 153 153 153 153 153 153 153 214 255
255 153   0   0   0   0   0   0   0   0   0   0   0   0 153 255
255 153   0   0   0   0   0   0   0   0   0   0   0   0 153 255
255 153   0   0  10  51  51  51  51  51  51  10   0   0 153 255
255 153   0   0  51 255 255 255 244 193 252  51   0   0 153 255
255 153   0   0  51 213 127 187 131 187 150  51   0   0 153 255
255 153   0   0  51 140 241 131 160 126 187  51   0   0 153 255
255 153   0   0  51 237 139 184 169 149 184  51   0   0 153 255
255 153   0   0  51 222 189 124 133 177 153  51   0   0 153 255
255 153   0   0  51 227 199 216 246 201 253  51   0   0 153 255
255 153   0   0  10  51  51  51  51  51  51  10   0   0 153 255
255 153   0   0   0   0   0   0   0   0   0   0   0   0 153 255
255 153   0   0   0   0   0   0   0   0   0   0   0   0 153 255
255 214 153 153 153 153 153 153 153 153 153 153 153 153 214 255
255 255 255 255 255 255 255 255 255 255 255 255 255 255 255 255
255 255 255 255 255 255 255 255 255 255 255 255 255 255 255 255
255 214 153 153 153 153 153 153 153 153 153 153 153 153 214 255
255 153   0   0   0   0   0   0   0   0   0   0   0   0 153 255
255 153   0   0   0   0   0   0   0   0   0   0   0   0 153 255
255 153   0   0  10  51  51  51  51  51  51  10   0   0 153 255
255 153   0   0  51 255 255 255 244 193 252  51   0   0 153 255
255 153   0   0  51 213 127 187 131 187 150  51   0   0 153 255
255 153   0   0  51 140 241 131 160 126 187  51   0   0 153 255
255 153   0   0  51 237 139 184 169 149 184  51   0   0 153 255
255 153   0   0  51 222 189 124 133 177 153  51   0   0 153 255
255 153   0   0  51 227 199 216 246 201 253  51   0   0 153 255
255 153   0   0  10  51  51  51  51  51  51  10   0   0 153 255
255 153   0   0   0   0   0   0   0   0   0   0   0   0 153 255
255 153   0   0   0   0   0   0   0   0   0   0   0   0 153 255
255 214 153 153 153 153 153 153 153 153 153 153 153 153 214 255
255 255 255 255 255 255 255 255 255 255 255 255 255 255 255 255

255 255 255 255 255 255 255 255 255 255 255 255 255 255 255 255
255 214 153 153 153 153 153 153 153 153 153 153 153 153 214 255
255 153   0   0   0   0   0   0   0   0   0   0   0   0 153 255
255 153   0   0   0   0   0   0   0   0   0   0   0   0 153 255
255 153   0   0  10  51  51  51  51  51  51  10   0   0 153 255
255 153   0   0  51 252 150 187 184 153 253  51   0   0 153 255
255 153   0   0  51 193 187 126 149 177 201  51   0   0 153 255
255 153   0   0  51 244 131 160 169 133 246  51   0   0 153 255
255 153   0   0  51 255 187 131 184 124 216  51   0   0 153 255
255 153   0   0  51 255 127 241 139 189 199  51   0   0 153 255
255 153   0   0  51 255 213 140 237 222 227  51   0   0 153 255
255 153   0   0  10  51  51  51  51  51  51  10   0   0 153 255
255 153   0   0   0   0   0   0   0   0   0   0   0   0 153 255
255 153   0   0   0   0   0   0   0   0   0   0   0   0 153 255
255 214 153 153 153 153 153 153 153 153 153 153 153 153 214 255
255 255 255 255 255 255 255 255 255 255 255 255 255 255 255 255
255 255 255 255 255 255 255 255 255 255 255 255 255 255 255 255
255 214 153 153 153 153 153 153 153 153 153 153 153 153 214 255
255 153   0   0   0   0   0   0   0   0   0   0   0   0 153 255
255 153   0   0   0   0   0   0   0   0   0   0   0   0 153 255
255 153   0   0  10  51  51  51  51  51  51  10   0   0 153 255
255 153   0   0  51 252 150 187 184 153 253  51   0   0 153 255
255 153   0   0  51 193 187 126 149 177 201  51   0   0 153 255
255 153   0   0  51 244 131 160 169 133 246  51   0   0 153 255
255 153   0   0  51 255 187 131 184 124 216  51   0   0 153 255
255 153   0   0  51 255 127 241 139 189 199  51   0   0 153 255
255 153   0   0  51 255 213 140 237 222 227  51   0   0 153 255
255 153   0   0  10  51  51  51  51  51  51  10   0   0 153 255
255 153   0   0   0   0   0   0   0   0   0   0   0   0 153 255
255 153   0   0   0   0   0   0   0   0   0   0   0   0 153 255
255 214 153 153 153 153 153 153 153 153 153 153 153 153 214 255
255 255 255 255 255 255 255 255 255 255 255 255 255 255 255 255
255 255 255 255 255 255 255 255 255 255 255 255 255 255 255 255
255 214 153 153 153 153 153 153 153 153 153 153 153 153 214 255
255 153   0   0   0   0   0   0   0   0   0   0   0   0 153 255
255 153   0   0   0   0   0   0   0   0   0   0   0   0 153 255
255 153   0   0  10  51  51  51  51  51  51  10   0   0 153 255
255 153   0   0  51 252 150 187 184 153 253  51   0   0 153 255
255 153   0   0  51 193 187 126 149 177 201  51   0   0 153 255
255 153   0   0  51 244 131 160 169 133 246  51   0   0 153 255
255 153   0   0  51 255 187 131 184 124 216  51   0   0 153 255
255 153   0   0  51 255 127 241 139 189 199  51   0   0 153 255
255 153   0   0  51 255 213 140 237 222 227  51   0   0 153 255
255 153   0   0  10  51  51  51  51  51  51  10   0   0 153 255
255 153   0   0   0   0   0   0   0   0   0   0   0   0 153 255
255 153   0   0   0   0   0   0   0   0   0   0   0   0 153 255
255 214 153 153 153 153 153 153 153 153 153 153 153 153 214 255
255 255 255 255 255 255 255 255 255 255 255 255 255 255 255 255

255 255 255 255 255 255 255 255 255 255 255 255 255 255 255 255
255 214 153 153 153 153 153 153 153 153 153 153 153 153 214 255
255 153   0   0   0   0   0   0   0   0   0   0   0   0 153 255
255 153   0   0   0   0   0   0   0   0   0   0   0   0 153 255
255 153   0   0  10  51  51  51  51  51  51  10   0   0 153 255
255 153   0   0  51 253 201 246 216 199 227  51   0   0 153 255
255 153   0   0  51 153 177 133 124 189 222  51   0   0 153 255
255 153   0   0  51 184 149 169 184 139 237  51   0   0 153 255
255 153   0   0  51 187 126 160 131 241 140  51   0   0 153 255
255 153   0   0  51 150 187 131 187 127 213  51   0   0 153 255
255 153   0   0  51 252 193 244 255 255 255  51   0   0 153 255
255 153   0   0  10  51  51  51  51  51  51  10   0   0 153 255
255 153   0   0   0   0   0   0   0   0   0   0   0   0 153 255
255 153   0   0   0   0   0   0   0   0   0   0   0   0 153 255
255 214 153 153 153 153 153 153 153 153 153 153 153 153 214 255
255 255 255 255 255 255 255 255 255 255 255 255 255 255 255 255
255 255 255 255 255 255 255 255 255 255 255 255 255 255 255 255
255 214 153 153 153 153 153 153 153 153 153 153 153 153 214 255
255 153   0   0   0   0   0   0   0   0   0   0   0   0 153 255
255 153   0   0   0   0   0   0   0   0   0   0   0   0 153 255
255 153   0   0  10  51  51  51  51  51  51  10   0   0 153 255
255 153   0   0  51 253 201 246 216 199 227  51   0   0 153 255
255 153   0   0  51 153 177 133 124 189 222  51   0   0 153 255
255 153   0   0  51 184 149 169 184 139 237  51   0   0 153 255
255 153   0   0  51 187 126 160 131 241 140  51   0   0 153 255
255 153   0   0  51 150 187 131 187 127 213  51   0   0 153 255
255 153   0   0  51 252 193 244 255 255 255  51   0   0 153 255
255 153   0   0  10  51  51  51  51  51  51  10   0   0 153 255
255 153   0   0   0   0   0   0   0   0   0   0   0   0 153 255
255 153   0   0   0   0   0   0   0   0   0   0   0   0 153 255
255 214 153 153 153 153 153 153 153 153 153 153 153 153 214 255
255 255 255 255 255 255 255 255 255 255 255 255 255 255 255 255
255 255 255 255 255 255 255 255 255 255 255 255 255 255 255 255
255 214 153 153 153 153 153 153 153 153 153 153 153 153 214 255
255 153   0   0   0   0   0   0   0   0   0   0   0   0 153 255
255 153   0   0   0   0   0   0   0   0   0   0   0   0 153 255
255 153   0   0  10  51  51  51  51  51  51  10   0   0 153 255
255 153   0   0  51 253 201 246 216 199 227  51   0   0 153 255
255 153   0   0  51 153 177 133 124 189 222  51   0   0 153 255
255 153   0   0  51 184 149 169 184 139 237  51   0   0 153 255
255 153   0   0  51 187 126 160 131 241 140  51   0   0 153 255
255 153   0   0  51 150 187 131 187 127 213  51   0   0 153 255
255 153   0   0  51 252 193 244 255 255 255  51   0   0 153 255
255 153   0   0  10  51  51  51  51  51  51  10   0   0 153 255
255 153   0   0   0   0   0   0   0   0   0   0   0   0 153 255
255 153   0   0   0   0   0   0   0   0   0   0   0   0 153 255
255 214 153 153 153 153 153 153 153 153 153 153 153 153 214 255
255 255 255 255 255 255 255 255 255 255 255 255 255 255 255 255
